225,142,284,238,3,237,200,34,22347
20,147,50,263,329,5,218,250,18583
288,201,92,165,0,120,170,185,14867
193,188,132,73,295,5,218,250,13424
103,142,97,51,53,5,218,250,12344
78,352,67,91,177,237,200,34,11141
188,196,18,70,224,251,252,252,10738
93,202,55,72,274,5,218,250,10348
289,209,59,64,215,120,170,185,10196
192,261,46,61,83,251,252,252,9613
101,99,38,40,18,5,218,250,9419
0,70,15,60,118,237,200,34,9217
328,124,21,61,332,5,218,250,8979
373,133,42,50,15,5,218,250,8593
230,259,20,49,248,5,218,250,8249
399,370,35,29,25,237,200,34,8041
19,24,22,37,204,237,200,34,7993
5,112,47,4,187,237,200,34,7910
147,116,38,27,141,5,218,250,7568
30,288,25,46,154,237,200,34,7423
211,174,50,38,260,251,252,252,7215
377,274,35,25,137,237,200,34,7057
347,152,26,7,330,120,170,185,7038
315,290,22,37,183,120,170,185,6937
31,67,40,41,104,237,200,34,6809
158,101,17,33,163,5,218,250,6772
45,216,34,29,32,5,218,250,6579
216,125,14,24,316,5,218,250,6552
360,395,29,25,325,237,200,34,6430
296,67,39,37,239,237,200,34,6343
347,173,42,24,53,120,170,185,6249
260,174,12,36,321,5,218,250,6179
285,177,23,17,39,120,170,185,6137
122,247,31,37,316,5,218,250,6072
181,183,24,41,3,251,252,252,6001
276,291,17,39,16,120,170,185,5920
231,135,13,16,295,5,218,250,5901
302,294,9,40,297,120,170,185,5873
186,332,30,18,119,237,200,34,5832
370,294,26,35,82,237,200,34,5812
395,88,24,10,214,251,252,252,5748
17,126,7,4,165,21,30,25,5735
7,277,34,34,267,237,200,34,5702
108,272,11,8,195,5,218,250,5681
1,157,10,40,72,237,200,34,5596
185,87,8,36,344,21,30,25,5563
291,309,21,29,200,120,170,185,5541
204,102,21,24,155,5,218,250,5513
83,259,14,37,343,5,218,250,5475
227,128,32,22,45,5,218,250,5455
124,263,29,35,201,5,218,250,5440
32,390,32,31,14,237,200,34,5424
170,106,20,35,120,5,218,250,5404
253,154,5,21,345,5,218,250,5393
146,93,19,22,144,5,218,250,5377
247,211,29,6,173,5,218,250,5332
8,1,19,16,222,237,200,34,5314
363,127,17,15,235,5,218,250,5299
264,95,4,18,345,120,170,185,5275
64,108,34,21,82,5,218,250,5254
212,88,34,9,58,21,30,25,5212
223,109,10,8,356,5,218,250,5212
10,315,18,24,335,237,200,34,5211
351,241,8,25,322,120,170,185,5201
283,335,18,15,225,237,200,34,5171
164,263,9,19,313,251,252,252,5146
19,392,35,24,45,237,200,34,5143
134,285,21,1,35,5,218,250,5135
396,70,9,23,85,251,252,252,5115
397,173,12,8,318,5,218,250,5099
235,301,1,27,163,21,30,25,5085
206,320,33,14,102,237,200,34,5082
174,333,22,33,332,237,200,34,5072
3,196,15,7,309,237,200,34,5060
163,269,19,21,343,251,252,252,5041
132,71,8,5,80,21,30,25,5037
131,284,7,18,146,5,218,250,5026
265,198,20,11,159,120,170,185,5017
189,311,3,3,16,251,252,252,5013
350,316,28,24,16,237,200,34,4991
3,101,20,31,340,237,200,34,4972
266,155,10,24,40,5,218,250,4958
0,113,20,14,240,237,200,34,4952
69,54,16,31,163,237,200,34,4930
374,162,4,2,43,21,30,25,4921
141,232,2,27,355,5,218,250,4912
183,104,1,12,28,21,30,25,4903
244,151,15,16,200,5,218,250,4902
88,48,26,25,273,237,200,34,4894
262,106,20,25,261,5,218,250,4849
369,227,33,19,347,120,170,185,4840
366,120,28,8,325,5,218,250,4835
399,209,8,7,326,5,218,250,4830
231,71,17,24,61,237,200,34,4822
330,156,12,29,157,120,170,185,4819
244,185,11,2,20,21,30,25,4798
108,311,27,14,202,237,200,34,4788
19,92,10,23,3,237,200,34,4782
168,54,28,26,5,237,200,34,4758
223,213,6,17,282,251,252,252,4751
182,282,25,29,208,251,252,252,4731
101,313,33,27,191,237,200,34,4727
151,226,3,19,279,120,170,185,4713
133,252,14,21,93,5,218,250,4705
321,103,3,10,360,21,30,25,4687
208,240,6,5,110,5,218,250,4683
198,178,21,32,255,251,252,252,4681
400,31,26,27,251,237,200,34,4674
241,288,15,12,341,5,218,250,4664
191,299,16,21,200,251,252,252,4644
291,322,29,1,258,21,30,25,4608
356,261,17,10,159,120,170,185,4604
49,172,18,17,356,5,218,250,4603
63,171,30,15,8,5,218,250,4603
57,229,21,30,163,5,218,250,4603
1,180,24,2,221,237,200,34,4600
174,177,20,25,304,251,252,252,4591
137,229,9,21,200,5,218,250,4587
287,204,5,31,334,120,170,185,4584
217,126,5,25,216,5,218,250,4577
353,125,21,17,179,5,218,250,4574
332,391,12,15,183,237,200,34,4573
125,67,28,0,274,237,200,34,4571
265,285,16,21,39,120,170,185,4565
207,209,26,24,263,251,252,252,4559
237,325,9,22,93,237,200,34,4560
373,119,4,31,151,5,218,250,4560
340,122,19,21,265,5,218,250,4559
29,181,12,29,239,5,218,250,4553
147,140,19,28,241,5,218,250,4552
127,142,15,31,34,5,218,250,4552
71,138,22,25,315,5,218,250,4552
75,98,15,22,117,5,218,250,4546
69,159,26,31,49,5,218,250,4544
100,231,28,22,235,5,218,250,4545
233,134,12,23,271,5,218,250,4545
121,60,5,24,170,237,200,34,4539
246,133,31,10,200,5,218,250,4536
114,120,20,27,60,5,218,250,4535
237,326,25,23,351,237,200,34,4530
193,100,4,2,108,5,218,250,4527
196,71,27,10,109,237,200,34,4524
4,233,4,22,109,237,200,34,4521
384,105,19,8,5,5,218,250,4514
254,103,29,1,199,21,30,25,4509
172,193,14,30,210,251,252,252,4504
196,315,5,0,323,21,30,25,4503
68,270,0,19,170,21,30,25,4502
277,332,25,3,231,237,200,34,4498
251,138,21,12,127,5,218,250,4492
198,215,27,20,15,251,252,252,4488
392,116,29,13,64,5,218,250,4487
67,242,5,30,196,5,218,250,4484
102,67,16,0,108,21,30,25,4480
128,187,20,24,108,5,218,250,4468
211,89,23,2,38,21,30,25,4464
248,64,30,16,330,237,200,34,4460
283,108,8,6,30,21,30,25,4457
96,67,18,1,279,21,30,25,4445
175,241,3,11,328,120,170,185,4432
83,199,23,28,230,5,218,250,4431
299,273,9,28,337,120,170,185,4432
128,230,15,26,338,5,218,250,4430
118,134,18,29,204,5,218,250,4429
214,97,12,10,232,21,30,25,4426
182,123,12,20,131,5,218,250,4425
133,80,14,5,109,5,218,250,4423
376,252,11,0,303,21,30,25,4419
4,260,27,18,126,237,200,34,4418
225,125,28,24,213,5,218,250,4409
9,181,3,8,245,21,30,25,4400
27,122,9,7,100,21,30,25,4387
191,273,2,1,146,5,218,250,4386
1,158,3,12,119,21,30,25,4380
260,121,24,1,345,5,218,250,4379
3,250,23,19,293,237,200,34,4377
324,86,9,16,231,237,200,34,4374
84,217,15,28,139,5,218,250,4372
17,97,5,8,213,237,200,34,4373
273,111,23,8,349,5,218,250,4362
41,171,22,15,10,5,218,250,4361
183,131,11,11,215,5,218,250,4359
147,211,2,16,276,21,30,25,4349
98,229,12,5,171,5,218,250,4349
34,88,15,5,168,237,200,34,4348
101,233,22,28,200,5,218,250,4347
170,122,28,11,251,5,218,250,4347
87,98,24,22,191,5,218,250,4347
188,127,14,29,165,5,218,250,4346
100,212,25,17,258,5,218,250,4344
338,109,7,13,32,5,218,250,4345
107,246,29,19,186,5,218,250,4344
19,131,8,7,97,21,30,25,4338
245,92,9,2,148,21,30,25,4324
3,113,25,0,73,237,200,34,4322
389,112,22,13,208,5,218,250,4321
249,284,8,1,318,21,30,25,4318
14,104,13,19,126,237,200,34,4317
121,190,24,21,170,5,218,250,4316
397,72,8,16,81,251,252,252,4315
131,148,18,27,15,5,218,250,4314
120,96,7,22,340,5,218,250,4314
392,243,21,5,352,237,200,34,4313
133,228,18,15,355,5,218,250,4309
398,232,6,22,343,120,170,185,4306
213,102,1,7,177,21,30,25,4301
282,55,3,11,28,237,200,34,4300
106,136,22,22,31,5,218,250,4299
196,313,1,11,192,237,200,34,4297
126,163,28,26,4,5,218,250,4292
255,182,1,11,80,5,218,250,4291
35,135,9,9,70,5,218,250,4290
22,96,2,28,13,237,200,34,4288
201,272,6,13,55,251,252,252,4286
110,64,3,13,168,237,200,34,4282
6,190,25,1,182,237,200,34,4275
245,292,1,19,222,21,30,25,4264
73,282,12,0,247,237,200,34,4264
374,270,15,12,334,237,200,34,4261
375,67,6,2,130,251,252,252,4256
72,194,28,18,185,5,218,250,4255
329,172,1,3,182,21,30,25,4251
221,299,0,13,60,21,30,25,4251
197,86,0,23,165,21,30,25,4247
393,234,7,6,53,21,30,25,4228
351,224,18,15,271,120,170,185,4227
217,247,15,1,152,21,30,25,4225
183,262,5,17,105,251,252,252,4224
233,73,1,10,10,21,30,25,4220
98,219,21,23,179,5,218,250,4219
194,281,0,2,115,21,30,25,4218
25,192,10,12,328,5,218,250,4218
144,96,10,27,307,5,218,250,4216
269,92,7,0,141,5,218,250,4216
337,328,21,1,193,237,200,34,4216
110,166,26,24,6,5,218,250,4215
93,104,28,26,14,5,218,250,4215
14,133,2,2,177,237,200,34,4215
122,151,10,13,17,5,218,250,4214
198,72,18,4,28,21,30,25,4208
69,172,14,26,58,5,218,250,4208
113,252,8,17,312,5,218,250,4208
321,325,1,5,124,21,30,25,4208
37,152,14,23,115,5,218,250,4204
315,299,13,17,211,120,170,185,4203
200,21,26,0,261,237,200,34,4203
222,285,7,9,62,5,218,250,4202
45,208,3,24,68,5,218,250,4201
377,101,7,19,339,5,218,250,4201
135,110,12,23,3,5,218,250,4201
378,172,4,9,159,120,170,185,4200
83,385,7,1,92,237,200,34,4200
51,194,15,13,95,5,218,250,4200
398,215,15,1,180,5,218,250,4196
129,117,23,24,41,5,218,250,4194
88,231,14,15,254,5,218,250,4195
69,165,3,17,96,5,218,250,4195
7,147,10,13,257,237,200,34,4192
91,190,23,19,69,5,218,250,4190
394,168,26,9,358,5,218,250,4186
113,287,5,4,108,21,30,25,4180
178,202,19,20,86,251,252,252,4179
140,53,21,11,123,237,200,34,4179
182,202,16,27,183,251,252,252,4178
346,120,14,12,303,5,218,250,4178
214,172,16,10,352,251,252,252,4178
146,252,4,2,352,120,170,185,4178
44,215,24,21,98,5,218,250,4177
57,86,25,2,302,21,30,25,4145
187,51,22,13,339,237,200,34,4138
250,90,4,21,20,21,30,25,4134
124,28,5,9,40,237,200,34,4135
300,309,6,27,337,120,170,185,4134
397,243,16,5,103,237,200,34,4132
103,173,10,15,360,5,218,250,4131
169,192,24,22,358,251,252,252,4127
253,259,23,0,178,21,30,25,4117
136,265,11,10,80,5,218,250,4116
131,297,3,4,94,21,30,25,4111
388,124,24,14,80,5,218,250,4110
316,266,14,1,132,120,170,185,4110
261,201,11,4,159,21,30,25,4105
250,71,9,12,222,237,200,34,4104
212,299,6,7,44,251,252,252,4095
329,250,13,9,183,120,170,185,4094
129,233,4,14,224,5,218,250,4094
389,148,17,10,11,5,218,250,4094
45,206,9,6,160,5,218,250,4094
352,129,11,14,62,5,218,250,4094
85,109,25,25,324,5,218,250,4093
109,108,17,24,180,5,218,250,4094
381,267,12,24,194,237,200,34,4093
125,261,20,12,175,5,218,250,4092
62,184,27,13,227,5,218,250,4092
267,220,6,26,279,120,170,185,4086
128,143,21,25,253,5,218,250,4085
191,277,5,4,149,237,200,34,4078
108,133,15,26,46,5,218,250,4077
286,191,18,23,189,120,170,185,4076
227,154,0,20,133,21,30,25,4070
32,327,20,2,19,237,200,34,4070
312,312,6,17,344,120,170,185,4069
330,141,4,11,166,21,30,25,4066
95,213,24,24,296,5,218,250,4066
106,170,26,24,14,5,218,250,4065
146,223,3,20,324,5,218,250,4062
99,280,21,2,69,21,30,25,4048
189,86,2,14,164,21,30,25,4039
314,119,21,11,119,5,218,250,4036
87,234,11,26,28,5,218,250,4036
113,100,20,6,84,5,218,250,4036
141,98,20,18,332,5,218,250,4035
91,146,21,24,271,5,218,250,4035
176,213,22,18,119,251,252,252,4034
256,101,15,5,335,21,30,25,4030
130,271,14,16,121,5,218,250,4028
168,17,0,17,336,237,200,34,4028
263,312,6,5,218,21,30,25,4027
157,105,22,21,357,5,218,250,4026
185,105,15,5,276,21,30,25,4022
328,137,2,11,223,5,218,250,4020
127,125,8,26,16,5,218,250,4020
231,121,11,24,201,5,218,250,4013
86,198,21,25,172,5,218,250,4012
107,246,17,25,129,5,218,250,4012
161,103,17,14,35,5,218,250,4009
370,81,8,13,323,120,170,185,4004
328,125,5,17,283,5,218,250,4001
58,239,23,9,152,5,218,250,4000
161,202,14,23,290,251,252,252,3996
169,155,5,4,5,251,252,252,3996
210,62,10,21,107,237,200,34,3993
166,174,13,18,223,251,252,252,3992
51,188,16,25,326,5,218,250,3992
248,180,2,17,88,5,218,250,3986
33,120,10,4,216,21,30,25,3980
75,152,1,15,50,5,218,250,3979
332,201,21,5,126,120,170,185,3979
241,194,4,1,209,120,170,185,3978
198,244,4,3,294,237,200,34,3973
73,272,2,11,129,21,30,25,3969
108,308,25,16,226,237,200,34,3968
219,237,19,2,134,120,170,185,3964
57,164,20,25,302,5,218,250,3963
88,135,24,15,58,5,218,250,3963
129,170,1,20,56,5,218,250,3964
75,183,24,16,45,5,218,250,3963
230,270,1,24,132,5,218,250,3964
85,218,20,26,314,5,218,250,3963
191,202,26,23,10,251,252,252,3963
374,74,7,17,42,251,252,252,3950
70,117,13,24,4,5,218,250,3948
151,50,25,19,297,237,200,34,3948
125,228,9,15,113,5,218,250,3946
233,300,10,2,87,21,30,25,3941
92,235,19,15,20,5,218,250,3940
159,124,11,14,359,5,218,250,3940
138,231,13,12,145,5,218,250,3940
211,120,3,0,357,21,30,25,3940
252,246,4,1,1,21,30,25,3939
329,124,14,24,172,5,218,250,3936
233,126,20,18,241,5,218,250,3936
45,185,21,7,27,5,218,250,3936
33,243,16,2,37,21,30,25,3917
139,162,18,8,119,5,218,250,3916
178,189,11,13,244,251,252,252,3916
97,144,13,9,165,5,218,250,3916
71,201,19,11,99,5,218,250,3916
119,123,17,13,162,5,218,250,3916
101,222,21,14,83,5,218,250,3916
70,165,21,11,255,5,218,250,3916
201,163,13,22,41,251,252,252,3915
194,294,10,18,186,251,252,252,3914
165,236,0,13,326,21,30,25,3910
8,176,2,16,281,21,30,25,3905
210,159,7,15,121,251,252,252,3905
67,254,20,8,227,5,218,250,3903
31,177,24,8,15,5,218,250,3902
261,174,3,22,258,5,218,250,3901
345,100,3,2,225,21,30,25,3898
73,295,25,13,299,237,200,34,3896
121,135,21,11,261,5,218,250,3895
77,226,19,18,211,5,218,250,3895
88,199,11,19,348,5,218,250,3895
238,208,11,1,154,21,30,25,3892
218,240,3,7,229,21,30,25,3880
68,187,14,22,208,5,218,250,3880
341,160,9,0,178,120,170,185,3880
192,158,16,23,4,251,252,252,3879
231,122,2,12,287,5,218,250,3879
306,357,19,0,211,237,200,34,3879
269,92,18,5,262,5,218,250,3867
361,111,14,25,187,5,218,250,3863
141,102,25,24,54,5,218,250,3862
61,157,22,19,258,5,218,250,3862
143,122,15,25,314,5,218,250,3862
203,209,20,24,291,251,252,252,3862
59,101,18,11,147,5,218,250,3862
289,102,3,9,347,21,30,25,3859
108,208,21,25,237,5,218,250,3858
199,115,1,10,179,21,30,25,3856
97,237,21,22,250,5,218,250,3856
78,99,21,22,321,5,218,250,3855
56,219,5,3,304,5,218,250,3855
300,210,10,18,12,120,170,185,3855
278,87,8,1,230,21,30,25,3853
339,246,5,4,154,21,30,25,3847
114,105,5,18,106,5,218,250,3847
395,204,2,25,116,21,30,25,3845
156,155,2,5,86,21,30,25,3843
132,120,21,8,204,5,218,250,3843
64,186,20,21,39,5,218,250,3843
46,214,19,17,229,5,218,250,3843
106,184,13,17,305,5,218,250,3843
280,161,10,4,318,21,30,25,3834
123,171,13,5,81,5,218,250,3833
234,266,11,18,150,5,218,250,3832
346,86,13,19,13,237,200,34,3829
372,161,21,0,37,21,30,25,3825
65,181,11,14,35,5,218,250,3825
99,213,18,8,252,5,218,250,3825
208,311,3,1,123,21,30,25,3821
111,199,23,22,162,5,218,250,3820
97,165,25,24,65,5,218,250,3820
120,385,7,16,53,237,200,34,3821
354,234,21,17,75,120,170,185,3819
346,341,3,18,120,237,200,34,3819
115,372,7,2,81,237,200,34,3819
324,129,11,19,4,5,218,250,3816
265,307,2,5,188,120,170,185,3811
152,130,12,12,41,5,218,250,3811
299,313,4,6,112,120,170,185,3811
332,188,5,5,247,21,30,25,3808
61,187,20,8,301,5,218,250,3808
51,230,16,15,31,5,218,250,3808
136,101,18,15,70,5,218,250,3808
210,98,6,3,254,5,218,250,3806
293,82,15,13,196,237,200,34,3805
195,175,20,25,84,251,252,252,3803
163,142,5,13,231,5,218,250,3802
216,100,13,2,305,21,30,25,3800
319,184,9,14,70,120,170,185,3799
390,209,20,1,269,120,170,185,3798
341,190,5,24,87,120,170,185,3795
142,267,2,1,307,21,30,25,3794
47,175,10,15,349,5,218,250,3793
109,287,16,3,254,21,30,25,3791
368,179,9,8,269,120,170,185,3791
216,117,6,19,322,5,218,250,3786
123,132,14,21,77,5,218,250,3785
200,178,1,6,281,120,170,185,3782
21,357,6,3,285,237,200,34,3782
153,323,15,21,35,237,200,34,3782
88,183,24,18,88,5,218,250,3780
219,361,6,9,34,237,200,34,3781
341,131,13,4,198,5,218,250,3781
338,347,0,6,325,237,200,34,3781
229,299,15,1,107,21,30,25,3778
104,119,9,24,280,5,218,250,3777
112,273,23,8,238,5,218,250,3776
143,334,24,2,107,237,200,34,3776
74,106,11,23,203,5,218,250,3775
293,101,2,6,304,237,200,34,3774
283,302,19,11,302,120,170,185,3772
114,196,21,18,148,5,218,250,3771
325,313,13,0,323,21,30,25,3770
47,222,23,17,254,5,218,250,3769
68,152,16,19,268,5,218,250,3769
96,136,23,15,343,5,218,250,3769
157,126,21,16,115,5,218,250,3769
82,154,22,15,73,5,218,250,3769
342,284,6,18,227,21,30,25,3763
91,171,21,23,262,5,218,250,3762
367,89,1,10,164,21,30,25,3759
327,318,4,5,276,21,30,25,3757
116,147,22,19,326,5,218,250,3756
145,189,0,12,277,21,30,25,3753
145,296,9,5,157,21,30,25,3743
105,141,5,7,10,5,218,250,3743
97,290,21,3,265,237,200,34,3737
287,176,16,21,206,120,170,185,3734
55,10,12,5,54,237,200,34,3734
191,367,19,6,8,237,200,34,3734
308,208,8,18,9,120,170,185,3734
199,177,6,5,260,21,30,25,3707
383,198,15,3,330,120,170,185,3706
337,268,10,24,171,120,170,185,3700
53,140,10,12,354,5,218,250,3699
137,159,19,14,311,5,218,250,3698
364,129,14,22,311,5,218,250,3698
320,288,10,22,252,120,170,185,3697
86,106,21,24,4,5,218,250,3696
192,244,3,4,145,21,30,25,3689
150,76,4,6,22,21,30,25,3685
397,206,10,5,177,5,218,250,3681
200,244,3,24,182,21,30,25,3674
333,145,1,21,169,21,30,25,3668
43,95,6,2,33,21,30,25,3667
3,80,3,24,140,237,200,34,3666
35,160,8,4,165,5,218,250,3666
125,175,1,19,88,5,218,250,3666
